1116.81811223 1322.29106253
1136.69106428 1319.82818273
1155.1111468 1320.66517718
1618.09983133 1303.59245031
1639.30260197 1302.92723079
1661.49040045 1302.08961589
1608.27205365 1166.23010181
1598.39431107 982.177309926
1589.47599341 733.99901996
1576.61756443 486.510311523
1566.54182356 237.519389106
1163.35866089 1182.16976747
1161.26245205 984.572687763
1158.42669678 736.345053339
1149.80382543 484.054256658
1139.03850303 231.123222908
1075.54951933 -15.6259390923
985.884522252 -185.714705033
887.872081273 -310.688948033
1489.31179464 -0.733675164368
1412.05802418 -181.11619912
1315.99065641 -329.780454576
1209.80192601 -489.870908807
1081.82015281 -600.463249082
960.807901347 -682.834572957
827.33507882 -760.994701198
670.197226291 -817.754680959
520.841527959 -847.451067536
345.210506889 -853.26006382
743.046145985 -430.515691575
594.305702268 -485.699750893
455.932723029 -539.652680532
278.060561992 -558.267038648
90.4124495362 -545.729658869
-83.9124944922 -491.870454554
-236.270138986 -364.700693351
-362.105738446 -231.005510533
-450.608348712 -75.4185959933
-530.614861247 93.909363753
163.052823305 -913.762777078
-38.9272269669 -884.504286139
-228.889565404 -832.984290259
-404.470001117 -751.494962154
-547.518294979 -571.133697957
-664.783469796 -394.269685859
-769.982208768 -229.669487443
-870.944769652 -29.2634962656
-974.492640818 196.974958417
-624.312454081 318.423864615
-718.083753378 554.118462406
-797.547476864 790.354608349
-884.595976711 1023.85741063
-1051.83889571 410.506119736
-1164.81854798 629.258486975
-1265.06654488 856.949811178
-1342.21542194 1094.81122202
-1430.24894962 1328.48641969
-1520.08013758 1563.49143595
-966.497597551 1263.56582622
-1060.78608299 1496.30534051
-1154.77912213 1724.93234809
-1229.95794352 1962.44896817
-1359.43696711 2173.93698781
-1563.09038585 2280.6435248
-1737.46467433 2328.42016674
-1937.96749308 2337.1161241
-2134.55518295 2321.77727824
-2302.47899718 2272.99621007
-2513.08005746 2171.78754734
-2652.68540728 2046.98632017
-1655.32191524 1753.65363402
-1742.86448013 1885.72293149
-1890.91348097 1956.30262651
-2032.16659635 1972.9025481
-2178.54284917 1925.42631607
-2305.41654362 1809.56404586
-2415.64407427 1637.99804839
-2482.65343119 1463.94418867
-2563.82357143 1226.38070592
-2615.44287668 983.64536172
-2746.61094444 1858.35442078
-2882.10502844 1652.63287791
-2931.45883172 1405.44023623
-2987.0182483 1163.39447355
-3021.89208038 917.728407851
-3094.32002105 683.710901218
-3150.05183301 440.680110709
-2665.36196966 808.630836163
-2731.23950626 571.43650619
-2773.52571932 324.022124666
-2830.7104008 84.2912084209
-2884.64455248 -160.069400685
-2887.80011606 -386.921869084
-3211.22597029 195.556213611
-3237.87478894 -49.5189594777
-3248.4183715 -295.382403013
-3257.50908453 -544.545720811
-3219.21977266 -789.818892186
-3134.31372386 -1023.96193154
-3049.40767506 -1258.10497089
-2823.99814899 -608.234564151
-2768.4461778 -853.48337352
-2691.81448689 -1094.29986786
-2600.70282479 -1333.58978622
-2488.11730775 -1560.39477151
-2339.06077841 -1770.23316424
-2957.26164067 -1491.48472225
-2835.24434251 -1710.8036201
-2687.46828732 -1916.35711073
-2522.79872559 -2106.59363572
-2322.1010108 -2253.39086757
-2094.191049 -2349.11468547
-1845.17514413 -2335.84520465
-2195.66707334 -1908.01649177
-1972.31309794 -2018.17093641
-1739.40118826 -1922.89742313
-1501.34302003 -1862.02617755
-1267.34801406 -1795.3678159
-1024.24103529 -1699.84820078
-1122.80060846 -2175.985797
-885.751830068 -2097.67949673
-650.155921195 -2016.07332219
-808.961558142 -1629.91432686
-1590.83996487 -2315.38508269
-1348.94037423 -2267.3685434
-557.334740086 -1578.52420685
-310.830439033 -1550.60235945
-57.8256988194 -1572.54777878
-396.116188239 -1991.50069352
-150.573173464 -2021.27699105
99.0823480271 -2050.75784228
346.965812137 -2014.95577222
574.484740957 -1915.69280315
784.519891075 -1782.91390529
174.099942122 -1558.31763213
414.645352167 -1494.83609381
642.237987451 -1406.75322167
857.444378581 -1285.03136983
1079.84141085 -1168.62879237
1280.6421577 -1019.00573243
982.463622894 -1661.21641545
1207.86508312 -1539.24846176
1404.25787695 -1385.80834141
1601.80809399 -1231.55558862
1790.24695869 -1065.55620828
1964.00909481 -884.805772458
1472.62699851 -861.748551678
1640.77441393 -684.076250275
1807.39525337 -491.923977678
1958.13259656 -291.91584442
2115.55845 -726.562943419
2245.24105592 -507.641903494
2344.0923527 -279.26410001
2461.78222924 -59.2593433329
2078.28473246 -92.6460167006
2170.75802055 139.893637957
2233.21263197 380.732632959
2312.06792578 616.670850799
2341.72117239 867.311400123
2533.84039669 149.442885941
2608.33708195 395.280726572
2693.44733352 632.154627786
2788.40786343 867.30457518
2869.57800368 1104.86805792
2431.23937699 1100.36824093
2499.99829062 1348.22548168
2513.84174745 1595.54179474
2489.21977431 1843.49896531
2411.40443683 1978.94184351
2312.31138135 2045.01427614
2219.25092334 2064.34692094
2122.24973354 2043.76126626
2033.74402103 1996.30877578
1913.71679741 1913.76505652
1800.06696202 1786.45160509
1691.73578057 1625.72091379
1633.14881492 1476.5881962
2895.38920742 1327.75543253
2915.83241277 1577.97748463
2910.09836385 1823.64417078
2871.80905197 2068.91734215
2735.85271033 2231.7942072
2584.30769829 2357.80654518
2403.35864373 2426.02266977
2164.11993117 2462.81721306
1962.33601784 2435.19019152
1726.49400712 2363.77908608
1533.52475893 2247.30218171
1366.51102516 2128.31305307
1255.37279359 1986.34723506
1190.85067849 1814.90366807
1179.49446348 1570.19764775
