1282.78287115 760.0962444
1295.61398123 775.760299247
1303.72027651 793.060240771
1535.11760493 1194.86650802
1545.12845375 1212.77692136
1555.78634343 1231.94484737
1650.96773061 1121.73820721
1809.5732872 1026.61051712
2024.76691409 902.365988292
2237.71418249 775.301198208
2453.21304529 650.10439261
1429.23944606 735.632563854
1603.35009778 641.274305294
1820.82665221 523.012103924
2039.79281712 396.826452511
2258.75898204 270.640801097
2446.20299001 98.6473597187
2553.7893422 -60.0888265225
2619.1575972 -205.054309441
2626.0310968 471.322623196
2750.45319489 319.032960036
2835.94165267 163.714823341
2927.60796668 -4.32471628203
2965.8609601 -169.532792641
2981.89366845 -314.560211646
2988.33047102 -468.964122129
2965.85716563 -634.734899242
2922.42108783 -780.972059861
2845.96055909 -938.844753967
2658.1434531 -388.929547143
2637.03736752 -545.861166492
2619.5082912 -694.295433033
2553.71833566 -859.249007561
2454.13449765 -1020.33302044
2325.84728243 -1147.56269627
2142.18025701 -1223.23583399
1965.77695725 -1272.42806747
1786.72355796 -1277.31480499
1600.54002568 -1269.78537548
2814.05030764 -1127.59256416
2694.19999065 -1290.9721881
2559.71103368 -1434.89133364
2405.28471918 -1552.64749436
2179.61901086 -1595.57753151
1968.76210425 -1615.90890958
1773.14162591 -1631.35651316
1549.281966 -1627.50259805
1301.49299623 -1614.51697278
1357.28034195 -1247.99716151
1104.91283359 -1220.72738473
859.662774703 -1179.62496855
613.350731903 -1148.3139869
1077.01018098 -1582.5096977
830.369016748 -1579.65731193
582.311380127 -1562.55734369
335.49857266 -1519.85560988
87.9290171869 -1487.89758737
-162.192132682 -1457.80754934
362.081776506 -1108.09070939
112.229293495 -1082.11501434
-133.545415589 -1059.03271864
-379.064141333 -1013.81595949
-625.924719859 -1029.93597096
-815.927079708 -1161.19564965
-939.831285093 -1292.2710016
-1041.12414788 -1464.40396169
-1119.43997759 -1645.97386783
-1154.63468592 -1817.92250117
-1163.66492792 -2051.84226247
-1118.31837056 -2232.62857206
-392.778184548 -1488.66322442
-550.759104291 -1503.59737981
-682.184500187 -1601.37961395
-762.931015138 -1719.67162688
-789.335818266 -1869.90073981
-746.358010058 -2036.74470285
-645.315204574 -2214.38014824
-523.603660587 -2354.93725429
-351.7744549 -2537.18632582
-161.02210453 -2696.56807141
-996.325476192 -2403.54882752
-877.396142902 -2620.60599437
-681.57717279 -2779.4138372
-494.023457677 -2941.92107996
-292.344550767 -3086.24924252
-119.795166122 -3260.91666895
69.0160616644 -3424.07095257
-29.3362807707 -2822.37683033
148.963333527 -2992.05077512
348.017507944 -3144.57105458
533.361433616 -3306.73649238
724.077214937 -3469.28030418
922.385843358 -3576.88461587
257.143679541 -3591.64481506
460.800278082 -3729.0383734
673.137074674 -3854.19860995
889.282978335 -3978.13790287
1123.31392829 -4059.59043175
1369.28416614 -4093.11120284
1616.81715256 -4128.23129156
1148.5903669 -3624.09175018
1390.38580719 -3690.45412698
1639.71364 -3734.44994251
1893.60732789 -3766.48110312
2146.8412914 -3773.52096997
2401.80816522 -3740.10101697
1866.02259471 -4155.46449929
2116.54600411 -4150.77180902
2367.74033991 -4115.41073344
2613.17176253 -4058.79433308
2836.74859056 -3950.37661328
3027.99577956 -3793.51516901
3131.81486971 -3567.01661157
2590.70077009 -3677.45451808
2792.58196325 -3530.83602045
2816.34786886 -3280.64173248
2874.44499066 -3042.54569211
2924.96046737 -2803.72947279
2954.20793577 -2544.4273602
3328.24069856 -2852.98447381
3370.29539151 -2607.42917901
3409.18801825 -2361.83731517
2992.53934327 -2320.01768305
3234.14434938 -3332.59460409
3304.24269515 -3095.90235259
3065.26242153 -2075.13331465
3155.85934408 -1843.42186127
3293.36260955 -1630.27906411
3505.53517046 -2125.13238015
3647.34830767 -1922.15939152
3788.89277802 -1715.07205991
3872.24986044 -1480.43063814
3891.55961812 -1232.71480648
3871.97230453 -984.865382134
3389.41720937 -1418.87065875
3444.38883401 -1177.57598313
3473.45345717 -934.084201584
3466.81964432 -687.333330203
3467.49880971 -437.188294805
3429.24433478 -190.07173294
3857.57400135 -753.204662836
3855.16423863 -496.698925973
3810.24382633 -251.719015452
3765.97045489 -5.48159225785
3707.44950099 239.33935855
3628.93073498 477.750355327
3379.25730274 54.3342748169
3301.9229113 285.774098316
3209.15656283 522.768622706
3102.67996561 750.117988759
3560.17951796 685.68849555
3426.69736631 902.281466786
3273.03455729 1096.65415295
3133.11856608 1303.83406366
2983.22598212 949.155035133
2821.60315402 1138.87604461
2638.54215588 1307.02380987
2466.37114524 1487.06309195
2258.02630096 1629.25460317
2982.8626046 1464.64496516
2799.94788266 1645.44099525
2630.36503546 1830.51032803
2467.52126373 2024.04044457
2295.69205804 2206.2895161
2094.80415523 1817.41286406
1907.0914804 1993.52064841
1695.09648876 2120.8906744
1465.02092207 2216.21241174
1309.35949891 2210.42265003
1203.4007944 2154.40700097
1143.09092015 2080.46973657
1117.00255493 1984.94802595
1116.47938625 1885.01941996
1133.76960727 1739.34496009
1192.97268957 1580.85207367
1284.90767043 1408.69819107
1388.51327232 1288.59040924
2110.89814961 2333.97746152
1898.67106016 2468.62389669
1679.52205 2578.99921706
1444.84405918 2659.19423327
1236.55143049 2614.48203325
1054.48372269 2540.37164411
909.433899666 2413.01957762
766.13115197 2217.97003903
694.982024298 2027.14603207
648.849557423 1784.48413663
661.111209258 1559.4893547
688.181662799 1357.09323185
762.169661276 1191.78813186
882.660261638 1055.04013289
1093.43430965 931.479213966
