1175 1408
1170 1271
1176 1137
1173 1001
1169 891
1172 743
1192 617
1242 521
1312 441
1392 388
1497 350
1603 337
1730 328
1877 326
2033 323
2163 322
2338 323
2453 368
2554 420
2640 486
2693 548
2740 638
2746 736
2741 804
2737 909
2738 992
2735 1072
2729 1155
1608 1429
1596 1289
1588 1160
1574 1028
1564 901
1574 802
1618 711
1688 650
1824 601
1943 605
2038 609
2161 639
2245 696
2299 757
2318 837
2355 910
2356 1002
2353 1083
2350 1159
2353 1268
2353 1350
2349 1433
2345 1508
2718 1284
2721 1411
2722 1507
