3292.63880582 277.996652648
3275.63193495 267.052871621
3262.01599564 253.763545204
2902.91832232 -38.9937963287
2886.47987784 -52.1001895364
2869.94996675 -66.6178353295
2820.02657856 70.5413980885
2706.11986424 215.39049347
2548.56874594 408.418069533
2395.34285199 602.582498369
2238.54309328 796.269967424
3164.93988617 352.172025386
3035.78379322 502.261011172
2874.38441034 690.577869697
2714.85361306 885.859524545
2555.41428239 1082.55243198
2441.16762078 1309.62004374
2396.60817593 1496.74154404
2387.75479241 1655.33100649
2140.00314332 1025.15395171
2078.41720084 1211.96179867
2053.63491894 1387.17263882
2027.69615751 1577.33883102
2050.62206371 1745.20604886
2087.42534948 1886.66458751
2135.88452234 2033.03640366
2216.23407829 2179.4671001
2309.14122781 2300.99183654
2436.66979899 2420.98126747
2416.76341522 1840.51874853
2492.42188038 1980.16758186
2561.22664259 2112.46612568
2681.67932408 2243.54301732
2831.51353681 2357.83522482
2997.13296824 2431.42329406
3195.89739607 2436.96425306
3378.33447279 2420.17994375
3547.39742368 2361.0384301
3718.3682137 2287.6014574
2533.82366584 2586.16336745
2703.98384116 2697.01243031
2881.05659971 2783.32139958
3066.74722067 2838.60243874
3292.97238106 2797.7224093
3497.682513 2741.93924089
3685.45761392 2687.25367173
3893.32353114 2603.63094479
4119.9408519 2503.20390694
3937.47193851 2180.57548964
4163.83448622 2065.28456635
4378.92664 1940.09524819
4598.04999158 1822.43915274
4319.0126407 2393.22471389
4548.43283987 2303.24487053
4774.11586783 2199.33543452
4989.02508841 2071.32361119
5209.55969257 1953.57604914
5432.2569089 1836.39691348
4818.03579611 1696.22407518
5042.41866485 1583.18723067
5263.50206863 1473.90718413
5476.90857002 1344.57557482
5713.82273838 1271.82478906
5937.70864575 1326.04748248
6100.12007882 1404.80360229
6256.33103473 1530.01996405
6393.79058709 1672.04063672
6487.68424251 1819.71927929
6579.571925 2034.8440194
6601.52428487 2220.48909447
5659.07012244 1782.72414417
5811.54428196 1740.95536781
5969.59790435 1785.27299918
6086.84925468 1866.95605032
6165.53278499 1998.61432791
6184.40786664 2169.57845074
6153.55582771 2371.40053004
6089.07554021 2546.34992993
5993.54102863 2777.87348618
5872.25773085 2994.76830327
6548.09220457 2423.77463944
6514.33915342 2668.30016272
6388.1622049 2886.22073922
6270.54423849 3105.00376868
6133.75678903 3312.27459072
6034.19107966 3536.26492426
5915.91322027 3755.79931331
5794.34443724 3159.25088192
5687.53953174 3380.87604331
5556.10306605 3594.17736887
5440.55624522 3812.11757213
5320.11577364 4031.0835348
5173.23403655 4202.87048223
5800.07237286 3980.13588651
5658.59383263 4180.62484543
5504.52511248 4372.71812869
5346.97399418 4565.74570476
5156.74854687 4724.75287188
4938.4680215 4844.48011291
4719.52760314 4964.95871352
4978.65077856 4327.43916092
4775.65221814 4475.2281472
4558.76331859 4605.49404931
4332.6751707 4725.01873037
4098.7271872 4821.66934348
3848.19707952 4881.13080282
4496.64745359 5079.31534402
4260.46501806 5163.35615046
4013.32584194 5220.47206442
3763.97184056 5254.34804402
3516.69565194 5232.81930636
3282.03593719 5154.49422562
3104.18589991 4979.66183663
3648.93606514 4889.79383628
3408.79464649 4825.28725483
3297.07758796 4599.4016669
3157.8475838 4397.26555944
3026.24226894 4192.50950678
2907.01161446 3960.02498894
2666.53579124 4382.34166923
2539.9352205 4167.34098205
2416.81704792 3951.40600207
2790.91045129 3764.89293133
2925.78706301 4796.36193213
2775.63290457 4600.60256784
2635.97373547 3560.94045134
2468.86491925 3376.908814
2264.25329593 3226.48579847
2242.46903556 3765.00919258
2037.83778548 3625.21630474
1831.61234961 3482.69237834
1669.78267731 3292.64986424
1563.80209573 3067.80966248
1493.78234853 2829.30130832
2099.92773136 3063.53148331
1961.83457996 2857.07015149
1848.59517548 2640.49490528
1766.89991443 2407.70340131
1677.30556424 2173.29808478
1624.60634125 1928.70701402
1424.86020059 2607.72798519
1336.31123657 2367.58619172
1289.91691692 2121.87789495
1243.52259726 1876.16959817
1211.05787025 1626.72413018
1199.76193202 1375.90666313
1584.60839153 1683.29274382
1575.18103891 1439.44007309
1577.06333374 1184.22554183
1595.58663302 934.309781254
1190.5697257 1157.54800554
1237.40954329 907.214165466
1313.48054524 670.574771743
1370.74793056 428.068180949
1636.74218675 705.602062983
1720.05238484 471.327841409
1831.75094109 248.676920613
1928.12827887 19.2245099416
2071.97199126 -188.503645124
1453.90778177 224.273089871
1559.88948784 -10.0533447868
1652.41856103 -244.216472996
1736.1142523 -483.475811922
1831.64876388 -714.999368169
2158.10469452 -422.960799907
2270.66570373 -654.170702821
2423.14023808 -848.995024647
2604.82633003 -1019.49477243
2752.51793216 -1069.45666448
2871.11536244 -1054.46835127
2953.52977159 -1007.37413545
3012.5538995 -927.585963871
3048.40993289 -833.541586744
3083.80196607 -691.991581489
3084.8991905 -522.00100499
3060.55461486 -329.103774224
3005.80941577 -178.877401118
1959.26955132 -899.709775604
2109.21560707 -1100.74753416
2275.30608073 -1282.28252957
2466.28288763 -1440.6298037
2676.03035001 -1473.35597096
2872.63216567 -1468.38343835
3054.16086871 -1400.7866191
3257.49195957 -1270.12113977
3391.44948701 -1116.5360466
3521.2580561 -906.703409985
3589.72287102 -692.186349782
3636.6726575 -492.57242855
3626.36876788 -312.631244108
3561.70554717 -140.504349383
3408.95661301 50.0862146867
