5266.69939632 -19995.372661
5566.11119818 -19751.1988909
5780.96867032 -19385.3625561
11605.7663821 -12215.7958397
11858.1564096 -11878.0028414
12138.5897735 -11502.6772877
13670.4812479 -13992.4395718
16523.3797765 -16357.9933681
20389.6573 -19480.7172469
24162.3155953 -22650.4629001
28066.1256742 -25801.2301153
8079.51944623 -20927.3217371
11241.7433161 -23348.5378856
15192.1508488 -26358.6640983
19095.9609277 -29509.4313135
23037.3035619 -32688.2418651
26155.4759013 -36655.6604
27829.7056603 -40129.0610605
28641.1109665 -43191.7252147
30893.9511101 -29844.1380815
32858.5277726 -33242.0493107
34073.3019688 -36547.6142734
35363.5655963 -40143.5261395
35622.7447525 -43553.8968315
35478.1306982 -46487.1064843
35118.2348511 -49551.8922412
34140.1126418 -52739.6135242
32833.2623326 -55506.2604409
30870.6531058 -58367.7995473
28844.6277705 -46911.421248
27950.6355703 -49986.544865
27159.3274968 -52845.9623687
25328.2943741 -55922.7832678
22887.6754671 -58719.5951236
19949.2198007 -60852.0074839
16099.6449455 -61777.2834177
12445.9491244 -62205.5712334
8903.15368726 -61780.9481356
5284.86881883 -61065.9781345
29649.630088 -61958.8897204
26787.512494 -64850.1694454
23690.2860283 -67273.3530297
20273.3963612 -69106.7779086
15672.746078 -69236.9268841
11455.6376059 -69010.3044232
7528.87603714 -68708.1925311
3132.74536605 -67938.4088188
-1666.75419511 -66925.7242979
560.010047864 -59875.1200557
-4352.51149995 -58544.0452951
-9096.77302942 -56987.7752022
-13850.0994573 -55600.1894482
-6007.64683451 -65612.3550136
-10881.7871859 -64777.8440506
-15756.3518578 -63709.0728569
-20444.5267145 -62077.7376533
-25263.4290341 -60699.6411183
-30082.3313538 -59321.5445833
-18659.9368786 -54053.4085743
-23534.925871 -52750.37715
-28297.3171973 -51531.4757349
-33023.0246094 -49872.0971949
-37971.3814304 -49450.0200204
-42137.6492433 -51425.3588635
-44963.5072435 -53641.901233
-47497.3210582 -56719.9950937
-49590.2334274 -60069.0330994
-50821.1699847 -63360.2871501
-51731.170379 -67944.080598
-51424.5451279 -71682.3307488
-34786.5144046 -59198.8792107
-37925.9409517 -59017.1569214
-40818.6478053 -60540.4078179
-42792.0192127 -62633.5903407
-43780.0549615 -65521.4755013
-43417.7673582 -68950.4003107
-41995.9276266 -72761.5939695
-40031.7752847 -75925.2449681
-37222.5039661 -80071.2613814
-33936.0716084 -83813.4845841
-49506.1415986 -75455.1432112
-47829.7902369 -80099.8450249
-44477.7819874 -83832.5790086
-41284.9688578 -87621.8239856
-37736.6572536 -91091.8300817
-34852.7451448 -95059.6729372
-31622.3994599 -98876.9612506
-31710.04002 -86704.9184761
-28704.4653467 -90588.2070018
-25268.327088 -94208.3433194
-22103.5572948 -98035.1208518
-18882.7008289 -101786.833273
-15307.6188499 -104516.526122
-28448.1404477 -102769.314675
-24853.2313897 -106098.679768
-21052.529758 -109230.892866
-17186.2522345 -112353.616745
-12796.6405386 -114697.64618
-8043.31411064 -116085.231934
-3242.96590839 -117566.436916
-10984.8560073 -106167.264084
-6370.8976203 -108211.033076
-1579.61431649 -109860.922398
3342.39645031 -111257.57305
8301.09113138 -112213.746577
13436.2620881 -112307.519973
1566.4471923 -118878.957559
6552.76088921 -119563.338301
11622.3559542 -119666.600915
16653.5698227 -119273.299732
21364.2718488 -117821.719381
25651.3535851 -115293.305747
28398.7519102 -111146.59486
17361.3263747 -111672.590942
21817.5167704 -109387.502437
23054.972303 -104522.002664
24977.0787305 -99992.5986064
26692.9682639 -95426.0863142
28042.597142 -90410.4563193
34511.9290897 -97642.0883766
36105.731738 -92925.8701835
37596.4259391 -88191.097873
29524.6507652 -86078.6285783
31155.2151338 -106831.199634
33255.4951193 -102376.436367
31699.5715408 -81445.6917533
34193.7311974 -77168.2534029
37597.7370812 -73395.1707871
40249.7807156 -83857.1485293
43644.721701 -80252.7502523
47133.2819145 -76601.330201
49449.2680132 -72249.2510604
50593.1043175 -67430.7730613
50977.6489367 -62454.3729039
40148.8320516 -69511.1877872
41930.2974767 -64935.1862761
43289.8398943 -60219.3924036
43890.0906267 -55345.6763728
44677.5798153 -50377.9167933
44724.7557567 -45383.386839
51447.172206 -57833.8955417
52187.6396203 -52772.516734
52066.1312228 -47768.9218813
51944.6228253 -42765.3270286
51551.3216417 -37734.1131601
50736.5217712 -32797.3671608
44472.0955756 -40398.7704243
43676.2741431 -35593.1762085
42552.1489312 -30600.7678569
41156.6552538 -25815.0007202
50016.6140905 -28516.3800791
48058.9807237 -23778.4833578
45596.1429814 -19481.9124025
43470.2495963 -14969.2110134
39424.6415398 -21479.6242479
36840.1412329 -17267.6076223
33768.9906679 -13393.8083155
30903.6326766 -9322.85701296
27252.2126252 -5834.29679943
41036.7281519 -11337.8881946
37993.1966027 -7192.29610186
35211.9686206 -3008.74713319
32608.4898757 1334.42127593
29733.6426654 5470.94847025
24564.6038712 -1603.72605642
21399.4097575 2457.31170662
17626.7514621 5627.0573598
13367.8672292 8224.32546347
10265.5489169 8612.26464695
8008.77390184 7783.57818503
6614.82333967 6544.15521678
5774.7962096 4715.3978638
5459.80053414 2728.294032
5343.22981614 -167.383065445
6023.9076593 -3483.2858882
7295.61716939 -7182.30620143
9024.6606396 -9877.86105924
26476.5266057 8547.92353637
22750.4657642 11858.310192
18753.4607777 14727.7954023
14335.8057454 17034.292282
10082.013359 16820.4376179
6298.01439549 15904.650903
2984.657496 13818.411676
-438.751146316 10410.7410743
-2437.61996682 6874.4646123
-4106.4877258 2214.33309199
-4529.41354138 -2265.50326772
-4643.86265666 -6332.48151839
-3700.45692592 -9844.68769587
-1745.79380295 -12942.7628027
2082.95116517 -16037.4433451
-----
