1121.62753967 1166.10848502
1141.84945187 1166.38100532
1160.43790378 1170.439263
1620.09646277 1228.50826635
1640.98191627 1230.91613508
1662.69256426 1234.47250461
1632.37446936 1091.69360868
1652.25017447 908.497112136
1683.62018263 661.317172441
1710.71949394 415.464315376
1741.10265446 168.12272252
1190.64082097 1035.54751457
1220.67445141 839.828376412
1257.80389223 594.605203313
1289.65885987 344.464720711
1320.68863304 93.175737313
1297.29706177 -159.934583285
1235.9618118 -342.247465746
1159.45738853 -481.445429887
1703.42718549 -78.2074604405
1656.69913954 -269.27417581
1584.89958659 -431.007982409
1506.15824285 -606.038839077
1397.78524628 -736.270531126
1291.63224151 -836.752069622
1172.99045248 -935.226055499
1027.26960382 -1016.85591687
884.092053296 -1070.70931997
712.363636034 -1104.91970881
1036.74970823 -623.145201219
898.600334345 -701.50814204
770.157783651 -777.267703625
598.557162201 -824.630418051
410.928315634 -842.192192901
231.474404033 -816.868417291
59.9567644507 -716.271701081
-85.8859079326 -605.389263734
-197.946392849 -465.666510682
-304.051934602 -312.808360722
542.456555973 -1193.55144209
339.412239581 -1197.42514586
143.505224496 -1176.82316924
-43.2738653364 -1125.33946695
-213.490646052 -970.823294455
-357.564428763 -815.064682702
-487.856201925 -669.208404653
-619.858445151 -488.165846718
-758.862560288 -282.937057376
-433.187573383 -105.963039777
-564.101396927 111.737605158
-680.212505936 331.863047496
-803.73343655 547.734721646
-869.443604503 -84.1989566997
-1016.3594294 113.653868388
-1152.72630795 321.341312482
-1267.18702801 543.763756412
-1391.85645942 760.460625037
-1518.66123926 977.821034978
-923.451701107 771.322595046
-1053.88056517 986.062697075
-1183.50116343 1195.86856093
-1295.98818822 1418.61431118
-1458.38719764 1605.82425146
-1677.00100343 1678.43970379
-1856.47184371 1697.68074042
-2055.29624926 1674.23173711
-2247.1187829 1626.59650238
-2404.98818083 1551.08323733
-2596.88606275 1417.30280935
-2713.85123907 1271.47706564
-1682.59977049 1143.49890911
-1789.79373193 1259.69897207
-1947.32455636 1305.84048649
-2090.04337117 1298.67529991
-2226.52542744 1228.69209966
-2333.10331057 1093.68782259
-2413.85220694 906.168181655
-2451.84334865 723.625931336
-2493.46620817 476.649135735
-2505.50056729 228.439195965
-2776.2241227 1070.7543131
-2877.13485014 845.478870388
-2885.56205372 593.806499556
-2901.70545655 345.936794782
-2895.49159876 97.6760689885
-2929.70463667 -145.046958425
-2945.68638634 -393.903510835
-2526.55364604 47.6582017341
-2553.37379103 -196.893796465
-2554.89306116 -447.434595175
-2572.34661794 -693.492257838
-2586.19301918 -943.012351564
-2552.61994789 -1166.52487668
-2966.27906787 -645.542024317
-2952.49373531 -890.535829558
-2923.5823819 -1135.07853267
-2892.21237374 -1382.25847236
-2815.10713935 -1617.89332299
-2693.39825084 -1835.07515109
-2571.52770918 -2053.24382683
-2453.57469766 -1375.25924952
-2359.69305346 -1608.14599643
-2244.74737392 -1833.52898326
-2116.3091338 -2054.67513058
-1969.08693126 -2260.58438992
-1788.09946993 -2443.73607252
-2443.07254039 -2268.30723518
-2287.27508677 -2464.70518183
-2107.92108571 -2644.07112705
-1914.37712541 -2804.89940638
-1693.24458376 -2917.63537677
-1452.72461947 -2975.51582926
-1209.26270246 -2921.44832548
-1623.6852743 -2556.64299116
-1385.83640395 -2629.14757635
-1171.41960824 -2496.74501702
-946.249060592 -2399.06070676
-726.157475603 -2295.1150757
-501.872203539 -2161.09598477
-521.636367581 -2646.67746899
-300.362424448 -2531.39155445
-81.5471360655 -2413.46840333
-300.02883547 -2057.09956768
-960.849618598 -2860.48981693
-729.791842482 -2774.00106566
-60.5743901141 -1966.19539506
178.650687384 -1898.63533071
431.879508704 -1879.44772916
165.070834362 -2347.73730976
412.684947514 -2337.57606143
663.097950413 -2325.94300597
901.02980263 -2250.48816053
1110.02740068 -2115.93332409
1295.76553384 -1950.73542493
657.578168275 -1828.28998227
884.075798558 -1726.33497515
1094.85158137 -1602.6354627
1287.46379063 -1448.47146936
1487.63054599 -1297.12329444
1661.90059987 -1117.59071155
1471.6013333 -1799.31953531
1673.92036576 -1642.55216273
1843.4347633 -1458.7319543
2012.94916084 -1274.91174587
2172.62893937 -1080.5425911
2315.08120597 -873.795519192
1825.83414659 -930.631378379
1963.01194001 -728.801615976
2096.61643524 -511.343944565
2213.29979617 -289.564790267
2438.55399963 -693.463965588
2531.44215017 -456.329422578
2592.28314558 -215.324498814
2672.1806237 20.6954007491
2299.55253356 -73.7837315703
2353.00063604 169.050162979
2376.21362547 417.06459224
2416.02444288 662.731233885
2404.06808111 915.117932055
2709.60979614 237.598736478
2743.85669141 492.487241838
2789.42694147 740.11065008
2845.18897421 987.376894652
2886.81183372 1234.35369025
2455.21918199 1159.60221556
2482.23483749 1415.33284407
2456.12237382 1661.34735429
2392.34804685 1902.20589207
2293.55075465 2022.82137637
2185.022077 2072.9365051
2090.17383685 2076.65286628
1997.84433256 2040.24870939
1917.61259152 1979.47973927
1812.60808755 1878.17300629
1721.62425608 1734.57654948
1640.08402259 1558.0738857
1606.93318059 1401.65770471
2876.42121753 1458.62369515
2855.7448802 1708.56866724
2811.04396462 1950.52491979
2732.95188259 2185.99811725
2572.39113905 2324.86945206
2403.00884789 2424.80262696
2213.23535781 2463.63589182
1971.55925914 2460.52730142
1776.58067208 2401.2284769
1555.32365763 2292.02530134
1383.61383054 2146.35191571
1238.04700146 2001.92096933
1151.46166266 1843.8451043
1115.1209099 1663.59985557
1143.70895699 1421.03084773
-1470.02594585 -2574.17354929
-1259.5473284 -2530.86360127
