4028.81185898 -17776.056858
4326.80792727 -17502.5640002
4550.00002433 -17194.3671673
10632.5119658 -10203.9273756
10911.9548607 -9889.74324406
11188.4041063 -9547.43371362
12638.508021 -12081.0474641
15375.8017094 -14548.7636681
19137.0303398 -17817.7022098
22816.8764228 -21123.7470984
26565.5391784 -24408.2451643
6797.74135 -18803.9816966
9853.39537434 -21323.1439549
13674.4597294 -24486.1594772
17482.3669321 -27792.7956433
21293.2677842 -31127.5572084
24316.6947283 -35214.5719519
25830.8850953 -38751.1278376
26544.3698789 -41846.6955502
29285.5740332 -28584.4408481
31134.2755378 -32056.9475431
32218.1952507 -35425.970852
33375.7363798 -39085.8203754
33494.4115819 -42472.2515642
33249.8217084 -45385.3557151
32792.2032409 -48434.9106561
31706.2537719 -51594.010805
30288.1582754 -54304.9156655
28182.4873304 -57103.2276337
26602.0268013 -45595.171998
25585.4852824 -48604.6642044
24679.0429874 -51445.9952949
22750.5141062 -54438.7826836
20185.8558307 -57200.6168441
17171.7451886 -59213.8572761
13273.1067824 -59998.5983657
9620.38985112 -60287.8370555
6087.30710759 -59696.7987087
2468.03707312 -58830.4936715
26829.0695638 -60689.0135098
23852.1025301 -63452.0674869
20655.4910647 -65754.9515784
17183.5756472 -67475.5919633
12585.9412111 -67438.7464474
8361.69809209 -67035.0509291
4474.95975999 -66595.431619
93.9015832093 -65653.7685945
-4713.84232074 -64444.6372724
-2214.04808285 -57465.7671083
-7067.28800403 -55962.8159223
-11732.0398032 -54226.4718746
-16450.6400285 -52652.3016443
-9011.15283991 -62953.6234221
-13838.6324724 -61959.9230658
-18639.7978001 -60678.9814218
-23310.536898 -58886.3865763
-28057.2625221 -57315.2099953
-32844.67942 -55762.5865876
-21215.3275485 -50912.3726697
-26021.8888974 -49447.1191082
-30750.6526257 -48044.6949206
-35396.2599739 -46220.9810269
-40312.8832851 -45592.3195788
-44541.1908238 -47421.913894
-47474.510196 -49526.109099
-50127.7208726 -52524.9210479
-52354.2458221 -55791.2012945
-53702.8961068 -59020.9292103
-54782.7837541 -63573.1421522
-54584.4998372 -67306.6503534
-37497.3820988 -55475.6061309
-40644.4703889 -55170.5892552
-43608.9460709 -56581.2217129
-45642.2526781 -58589.6201398
-46745.5727654 -61451.9067755
-46536.5340679 -64885.6078142
-45242.5421487 -68758.4859317
-43377.0985649 -71987.436262
-40707.3272093 -76225.8700422
-37579.7883399 -80088.4728719
-52840.5015354 -71131.6300819
-51344.1985412 -75836.2955694
-48116.7239509 -79702.483326
-45055.0081048 -83614.7583774
-41654.6049167 -87234.9873976
-38930.9851351 -91311.2473605
-35853.7097649 -95236.0882867
-35485.1653604 -83065.4771672
-32626.9058829 -87070.5180857
-29311.470169 -90827.7891735
-26293.439246 -94730.4919994
-23175.472602 -98636.7797522
-19696.7177774 -101523.346029
-32808.1447204 -99263.858583
-29338.3335821 -102734.479661
-25648.9152737 -105996.839626
-21887.6866433 -109265.778168
-17598.0999938 -111753.155577
-12889.071994 -113371.010731
-8164.48447014 -115001.431759
-15438.2874377 -103317.160691
-10935.0809167 -105540.026191
-6217.66324652 -107370.31866
-1355.4423774 -108957.646043
3583.94757315 -110067.432922
8723.76298136 -110387.897537
-3383.05487089 -116497.804369
1557.51763476 -117351.469008
6622.52907173 -117637.229648
11652.2079945 -117457.424382
16452.6329984 -116192.703155
20811.3667671 -113851.455638
23722.4362543 -109801.211887
12680.4632796 -109881.416787
17194.2010118 -107793.889138
18628.3355252 -102962.19604
20685.4422805 -98505.0768137
22583.3688679 -94022.2345603
24143.1621293 -89034.9462207
30318.0398757 -96541.1359876
32082.5093223 -91873.390539
33775.1684469 -87199.0665144
25768.2243979 -84794.4777769
26615.5438457 -105582.215743
28909.6283895 -101213.648918
28128.7232427 -80248.1776104
30796.8276427 -76053.1306607
34318.3034971 -72393.0203062
36577.9125429 -82932.8005203
40135.9034666 -79482.133833
43716.0324906 -75972.2226985
46259.6606978 -71676.6487504
47584.2872649 -66885.0556481
48153.7042658 -61946.2942367
37003.187238 -68622.8479895
39023.1876465 -64084.3462158
40518.9689788 -59430.9777363
41337.929643 -54565.2092019
42307.0895273 -49640.7874979
42514.4612692 -44641.0078067
48759.0450584 -57345.0376122
49688.1049465 -52311.1079619
49767.4155687 -47310.7369931
49846.7261909 -42310.3660244
49638.7955254 -37283.6807509
49008.9838763 -32301.9002171
42468.704421 -39668.1709593
41825.7356195 -34830.0110694
40921.2485574 -29806.3567068
39706.7908298 -24943.6936064
48448.0261613 -27967.0038583
46674.0541048 -23192.339143
44370.5042126 -18786.9268021
42417.6162597 -14201.9700255
38118.3505076 -20575.9416283
35680.1609194 -16241.7483317
32721.965721 -12233.1224863
30042.6221399 -8038.37362914
26501.5919573 -4433.11285556
40085.9782301 -10467.9823315
37200.7759087 -6209.81282278
34581.2680523 -1909.14094617
32118.5379921 2521.99442195
29448.7666365 6760.42820212
24007.1515713 -104.906857587
21002.8690781 4069.47773192
17335.58887 7391.08214465
13175.2458953 10133.990516
10094.5719061 10616.7407331
7808.06218565 9918.26145762
6343.80487131 8709.97733649
5451.6650222 6936.82012698
5064.59979835 4961.4263656
4848.13532375 2051.31586405
5404.25103361 -1302.77645985
6539.65406243 -5021.87043045
8129.20241664 -7796.63817382
26305.7055046 9967.16590902
22667.1419729 13419.8250908
18776.6696676 16433.2326706
14474.5171434 18905.0505559
10229.3557407 18837.192869
6371.40860823 18071.0049528
3023.37810609 16121.7764499
-540.008838686 12855.4216801
-2658.20839695 9373.11919019
-4503.46911337 4796.32851457
-5123.7781526 335.698884587
-5370.69587473 -3758.08074291
-4556.05555361 -7269.54214056
-2696.59926845 -10442.2416731
961.699991798 -13679.4698891
