-5153.73352855 10129.4289898
-5106.88140556 7505.71010249
-4825.76866764 4741.43484627
-4685.21229868 2070.86383602
-4497.80380673 -131.185944363
-4216.69106881 -3082.86969253
-3654.46559297 -5566.03221083
-2483.1625183 -7346.41288433
-983.894582723 -8845.68081991
655.929721816 -9876.42752562
2857.9795022 -10485.5051245
4919.47291362 -10532.3572474
7543.19180088 -10532.3572474
10448.0234261 -10298.0966325
13587.1156662 -10157.5402635
16163.9824305 -10063.8360176
19677.8916545 -9689.01903367
21833.0893119 -8658.27232796
23847.7306003 -7486.96925329
25393.8506589 -6034.5534407
26424.5973646 -4675.84187408
27174.2313324 -2801.75695461
27174.2313324 -833.967789165
26893.1185944 477.891654466
26752.5622255 2633.08931186
26565.1537335 4272.9136164
26471.4494876 5772.18155198
26143.4846266 7505.71010249
3420.20497804 11207.0278184
3420.20497804 8442.75256223
3420.20497804 5912.73792094
3279.64860908 3242.16691069
3279.64860908 712.1522694
3701.31771596 -1302.48901903
4732.06442167 -3082.86969253
6231.33235725 -4113.61639824
8995.60761347 -5003.80673499
11385.0658858 -4675.84187408
13259.1508053 -4441.58125915
15648.6090776 -3645.09516837
17241.5812592 -2380.08784773
18225.4758419 -1161.93265007
18506.5885798 477.891654466
19021.9619327 2070.86383602
19021.9619327 3851.24450952
18740.8491947 5491.06881406
18647.1449488 6943.48462665
18553.4407028 9145.53440703
18366.0322108 10832.2108346
18225.4758419 12472.0351391
17944.363104 13971.3030747
25768.6676428 10035.7247438
25674.9633968 12612.5915081
25440.7027818 14439.8243045
25393.8506589 16876.1346999
24737.920937 19031.3323572
23613.4699854 20436.8960469
21926.7935578 21139.6778917
20146.4128843 21467.6427526
18178.6237189 21748.7554905
17194.7291362 15142.6061493
15742.3133236 16501.317716
14008.7847731 16595.0219619
12134.6998536 16501.317716
10166.9106881 16220.204978
7871.15666179 15517.4231332
6653.00146413 14674.0849195
5060.02928258 13174.8169839
-4076.13469985 12472.0351391
-2764.27525622 14018.1551977
-890.19033675 16360.761347
1827.23279649 18656.5153734
5200.58565154 20390.0439239
8714.49487555 21420.7906296
13306.0029283 22076.7203514
15789.1654466 21936.1639824
-----
0.0 -2801.75695461
890.19033675 -4535.28550512
2248.90190337 -6175.10980966
4029.28257687 -7065.30014641
6371.88872621 -7486.96925329
8292.82576867 -7814.9341142
10166.9106881 -7627.52562225
12837.4816984 -7393.26500732
14711.5666179 -7205.85651537
16913.6163982 -6924.74377745
18647.1449488 -6456.22254758
20333.8213763 -5612.88433382
21786.2371889 -4254.1727672
22582.7232796 -2473.7920937
22816.9838946 -1302.48901903
22910.6881406 243.631039531
22957.5402635 2070.86383602
23051.2445095 3991.80087848
22676.4275256 5491.06881406
22489.0190337 7084.04099561
22442.1669107 8442.75256223
22442.1669107 9614.0556369
-327.964860908 -787.115666179
-468.521229868 1368.08199122
-468.521229868 2961.05417277
-468.521229868 5163.10395315
-702.781844802 7271.44948755
-702.781844802 9286.09077599
11619.3265007 -7440.11713031
