-12.8 25.65
-12.55 18.8
-11.75 12.1
-11.4 5.35
-11.2 -0.15
-10.5 -7.55
-9.0 -13.75
-6.15 -18.35
-2.35 -22.05
1.8 -24.4
7.2 -25.9
12.55 -26.15
18.9 -26.15
26.25 -25.7
34.0 -25.25
40.5 -24.85
49.25 -24.1
54.8 -21.45
59.65 -18.5
63.65 -14.85
66.1 -11.6
68.1 -6.9
68.0 -2.0
67.5 1.35
66.95 6.6
66.65 10.75
66.2 14.7
65.6 18.8
8.7 28.3
8.6 21.25
8.7 14.8
8.5 8.15
8.45 1.8
9.35 -3.1
11.9 -7.45
15.6 -10.25
22.55 -12.2
28.5 -11.55
33.2 -11.0
39.2 -9.05
43.2 -5.85
45.65 -2.65
46.3 1.45
47.9 5.2
47.6 9.8
47.15 13.85
46.7 17.6
46.45 23.05
46.15 27.15
45.6 31.25
45.15 35.0
64.6 25.2
64.25 31.55
63.95 36.35
63.7 42.4
62.1 47.85
59.1 51.2
55.1 53.0
50.65 53.95
45.5 54.4
43.0 38.2
39.45 41.3
35.15 41.8
30.35 41.45
25.75 40.85
19.75 39.1
16.7 36.8
12.95 33.0
-10.15 31.25
-6.9 35.3
-1.95 41.0
4.65 46.8
13.25 51.0
21.85 53.65
33.5 55.25
39.8 55.1
