-14.95 12.1
-13.95 11.95
-13.0 12.0
10.15 11.15
11.2 11.1
12.3 11.1
9.65 4.3
9.15 -4.9
8.7 -17.35
8.05 -29.7
7.55 -42.15
-12.6 5.1
-12.7 -4.8
-12.85 -17.2
-13.3 -29.8
-13.8 -42.45
-17.0 -54.75
-21.5 -63.25
-26.4 -69.5
3.7 -54.0
-0.15 -63.05
-5.0 -70.45
-10.3 -78.45
-16.7 -84.0
-22.75 -88.1
-29.4 -92.0
-37.25 -94.85
-44.75 -96.35
-53.5 -96.65
-33.6 -75.5
-41.05 -78.25
-48.0 -80.95
-56.85 -81.9
-66.25 -81.25
-74.9 -78.55
-82.55 -72.2
-88.85 -65.55
-93.25 -57.75
-97.25 -49.35
-62.6 -99.65
-72.65 -98.2
-82.15 -95.6
-90.95 -91.55
-98.1 -82.55
-103.95 -73.7
-109.2 -65.45
-114.25 -55.45
-119.45 -44.2
-101.95 -38.1
-106.65 -26.3
-110.6 -14.5
-114.95 -2.85
-123.3 -33.5
-128.95 -22.55
-134.0 -11.2
-137.85 0.7
-142.25 12.4
-146.75 24.15
-119.05 9.15
-123.75 20.8
-128.45 32.2
-132.2 44.1
-138.7 54.65
-148.9 60.0
-157.6 62.4
-167.6 62.85
-177.45 62.05
-185.85 59.6
-196.4 54.55
-203.35 48.3
-153.5 33.65
-157.85 40.25
-165.25 43.8
-172.35 44.6
-179.65 42.25
-186.0 36.45
-191.5 27.85
-194.85 19.15
-198.9 7.3
-201.5 -4.85
-208.05 38.9
-214.85 28.6
-217.3 16.25
-220.1 4.15
-221.8 -8.15
-225.45 -19.85
-228.25 -32.0
-204.0 -13.6
-207.3 -25.45
-209.4 -37.8
-212.25 -49.8
-214.95 -62.0
-215.1 -73.3
-231.3 -44.25
-232.6 -56.45
-233.15 -68.75
-233.6 -81.2
-231.7 -93.45
-227.45 -105.15
-223.2 -116.9
-211.9 -84.4
-209.15 -96.65
-205.3 -108.7
-200.75 -120.65
-195.15 -132.0
-187.7 -142.5
-218.6 -128.55
-212.5 -139.5
-205.1 -149.8
-196.85 -159.3
-186.85 -166.65
-175.45 -171.45
-163.0 -170.75
-180.5 -149.4
-169.35 -154.9
-157.7 -150.1
-145.8 -147.1
-134.1 -143.75
-121.95 -138.95
-126.85 -162.75
-115.0 -158.85
-103.25 -154.8
-111.15 -135.45
-150.25 -169.75
-138.15 -167.35
-98.6 -132.9
-86.25 -131.5
-73.6 -132.6
-90.55 -153.55
-78.25 -155.05
-65.8 -156.5
-53.45 -154.7
-42.05 -149.75
-31.55 -143.1
-62.05 -131.9
-50.05 -128.7
-38.65 -124.3
-27.9 -118.25
-16.8 -112.4
-6.75 -104.95
-21.65 -137.05
-10.4 -130.95
-0.55 -123.25
9.3 -115.55
18.75 -107.25
27.45 -98.2
2.85 -97.05
11.25 -88.2
19.6 -78.55
27.15 -68.55
35.0 -90.3
41.5 -79.35
46.45 -67.95
52.3 -56.95
33.15 -58.6
37.75 -47.05
40.9 -35.0
44.85 -23.2
46.3 -10.65
55.9 -46.55
59.65 -34.25
63.9 -22.4
68.65 -10.65
72.7 1.2
50.8 1.0
54.2 13.4
54.9 25.75
53.7 38.15
49.8 44.9
44.85 48.25
40.2 49.2
35.35 48.15
30.9 45.8
24.9 41.65
19.25 35.3
13.8 27.25
10.9 19.8
74.0 12.35
75.0 24.85
74.75 37.15
72.8 49.4
66.0 57.55
58.45 63.85
49.4 67.3
37.45 69.1
27.35 67.75
15.55 64.15
5.9 58.35
-2.45 52.4
-8.0 45.3
-11.25 36.7
-11.8 24.5
