3700.35394303 -103.455502942
3687.5972707 -119.148409331
3678.79308566 -136.015131772
3428.63289663 -525.986771542
3417.08943105 -543.558009471
3405.89822321 -562.498887674
3315.76979502 -447.686578092
3162.44208997 -345.477895169
2952.64400806 -211.065229006
2746.60258923 -74.2261493362
2537.31319858 61.0474658365
3555.91259226 -72.7033292233
3386.46207096 29.7394393409
3174.47279047 158.477720183
2962.09186153 294.416460143
2749.35867484 431.724840377
2570.12145955 611.963628253
2469.54234186 775.9265542
2411.77545971 923.885965279
2372.43751082 247.900369444
2255.77496758 406.26656219
2177.69756695 565.064923364
2093.86699961 737.716120805
2063.41414155 904.382324446
2054.3679659 1050.26983833
2054.86988148 1204.45397526
2085.66031661 1368.61837183
2136.13553614 1513.02146118
2219.99081353 1666.73968539
2381.71312082 1108.90557446
2410.15592385 1265.16499643
2434.37276324 1412.30623705
2508.05308604 1574.35934573
2614.87938105 1729.60477301
2749.37421646 1851.07962328
2936.54450424 1918.20103099
3115.14582191 1959.02466786
3294.2186987 1955.43234328
3479.55343349 1938.84813143
2260.91568327 1853.953881
2388.13014888 2012.25258516
2529.55083779 2149.38095112
2688.81737024 2259.70398425
2916.53104286 2291.2552648
3128.43589554 2301.94794491
3323.90506494 2308.4135321
3547.47268459 2293.63112895
3794.09010327 2268.7142912
3721.08393951 1905.32180359
3972.08488464 1866.19987183
4215.45546079 1814.16370493
4460.31272003 1770.5412039
4017.50241868 2226.14743413
4263.5323647 2212.03128505
4510.3456076 2183.51421774
4754.42069923 2128.73877029
5000.64759875 2085.46852701
5248.75282981 2043.41149048
4708.65316601 1719.05311897
4957.07126411 1681.457261
5201.18461717 1646.40485937
5444.24232627 1589.9075139
5692.03243172 1594.4970281
5887.92699385 1715.70066059
6017.76482647 1841.08860747
6127.25162063 2008.70018793
6213.68861576 2186.44620299
6256.96224689 2356.01150855
6277.34025396 2589.04956731
6240.42971369 2772.30788776
5481.00646239 2062.9882663
5638.9078717 2070.74358308
5775.32155863 2162.0469566
5861.33090247 2276.16265567
5895.13522378 2425.76970049
5859.86892941 2594.11841145
5767.74173901 2776.31770011
5652.01892618 2922.51356391
5489.17800349 3112.81026355
5306.41934004 3281.19158952
6126.3882789 2948.87105253
6018.21479508 3170.75051845
5830.4862618 3338.58376245
5650.62331243 3509.90019319
5456.12535917 3664.31051079
5291.79775338 3846.19354457
5111.073855 4018.01866657
5181.18782669 3413.26001143
5010.71653501 3590.64247593
4819.42716288 3752.44907687
4641.79480278 3923.60907409
4459.19257286 4094.22098934
4266.14417056 4211.76806235
4931.17151492 4195.16591616
4734.32592956 4341.67125915
4528.12807721 4476.27974954
4318.32999529 4610.6924157
4088.06721994 4702.60571337
3843.36639422 4748.45880368
3597.80461949 4794.82058526
4042.45724953 4269.59678667
3803.54672267 4346.87395118
3556.888784 4403.17547243
3304.83106564 4446.40632501
3052.42221882 4465.45295322
2795.82792834 4443.99671657
3350.40390392 4834.13834124
3099.79573652 4840.50594923
2847.15393334 4817.87589653
2599.63956279 4772.47065043
2371.34180536 4675.05846459
2172.70909196 4527.59645196
2058.09825301 4306.09847094
2603.76542285 4390.21945386
2395.62287965 4254.18386399
2359.7489197 4004.74838336
2290.3373391 3769.32104324
2228.98716662 3533.77666029
2188.02629402 3275.73168957
1828.06630962 3602.2417348
1774.66050245 3358.5189009
1724.85492483 3114.99189123
2138.41541134 3054.15831499
1945.60096053 4076.38264828
1863.82322675 3843.6158073
2054.6423032 2812.11685914
1953.10213291 2585.21909842
1805.46236456 2378.59020692
1617.17106865 2883.59356125
1466.20454709 2687.06084294
1314.57290074 2487.43658633
1219.92032253 2256.46929549
1189.17266594 2009.81248611
1196.85371844 1761.35725587
1700.00796839 2172.58930807
1633.02280129 1933.40530487
1592.8047056 1692.3440994
1587.61091366 1445.6884193
1575.41248683 1195.0408612
1601.44694486 946.195111801
1200.30767801 1529.33770893
1190.88792243 1273.56384748
1223.26189057 1025.61843778
1255.63585871 777.673028094
1302.41074509 530.510915293
1369.73023559 288.63266865
1639.80816537 700.519682096
1706.73600742 465.841894569
1787.94772489 223.885995806
1883.32514566 -7.85555766652
1428.94779798 78.256148323
1551.3657665 -145.070609998
1697.30170534 -346.286170421
1827.19360932 -558.929282887
1993.61104666 -212.399000587
2145.69067138 -409.113991741
2321.13183289 -585.948374281
2484.12918911 -774.014484642
2685.47534373 -926.663513521
1969.64523214 -726.725394752
2143.28684351 -916.434621729
2304.09300114 -1110.17511741
2458.09034811 -1311.50772065
2620.9312708 -1501.8044203
2840.294249 -1122.67398919
3019.21859725 -1307.37395563
3224.75132482 -1445.07398431
3450.47526948 -1550.5666419
3606.38130443 -1552.08594001
3714.42532332 -1500.93430287
3778.09164218 -1430.53117906
3809.35476572 -1336.33660859
3814.16368491 -1235.80365729
3803.74786899 -1090.26840115
3751.8894578 -928.377372405
3668.72401524 -752.63463667
3569.94670625 -626.904595592
2799.69692696 -1637.62724672
3004.76035397 -1782.01904325
3219.09726657 -1902.85234949
3449.86873318 -1993.90469815
3659.38543378 -1959.73230915
3844.67739002 -1893.82410819
3996.15599069 -1773.09203483
4148.72736745 -1585.63810717
4228.23737981 -1397.99174314
4286.30018978 -1158.18200585
4284.60751892 -933.010660277
4267.10602814 -728.697915152
4201.31599928 -560.898415441
4086.29770194 -417.441832195
3881.82174761 -283.85072434
